     8888888888                    
    888888888888888                 
  888888822222228888                
 88888822222222288888               
888888222222222228888822228888      
888882222222222222288222222222888   
8888822222222222222222222222222288  
 8888822222222222222222222222222 88 
  88888222222222222222222222222  888
   888822222222222222222222222   888
    8888222222222222222222222    888
     8888222222222222222222     888 
      8882222222222222222     8888  
       888822222222222      888888  
        8888882222      88888888    
         888888     888888888       
          88888888888888            
           8888888888               
            8888888                 
             88888                  
              888                   
               8                    
